$ 1 0.000005 81.92041607667615 86 5 50
a 256 240 384 240 8 12 -12 1000000 0.36445206977977285 0.36447284354775034 100000
O 384 240 464 240 1 0
g 176 224 176 272 0
r 256 224 176 224 0 10000
r 256 176 384 176 0 47000
w 256 176 256 224 0
w 384 176 384 240 0
x 248 247 261 250 4 20 V
x 261 250 264 253 4 14 I
r 256 256 256 320 0 47000
g 256 320 256 352 0
c 256 256 208 256 0 4.6999999999999995e-7 0.02452487286464955
R 208 256 208 320 0 1 100 0.5 0 0 0.5
o 1 64 0 4354 5 0.1 0 1
o 12 64 0 4355 1.25 0.00009765625 1 2 12 3
