$ 1 0.000005 14.235633750745258 69 5 50
w 352 192 416 192 0
x 423 208 432 211 4 14 V
x 434 213 447 216 4 10 out
w 208 208 240 208 0
w 160 144 160 176 0
r 160 176 80 176 0 10000
w 160 176 240 176 0
O 416 192 464 192 1 0
a 240 192 352 192 8 12 -12 1000000 3.2432783533126006 4.542470919528906 100000
r 160 144 416 144 0 27000
w 208 208 208 272 0
w 208 304 208 272 0
g 80 176 80 240 0
r 208 272 320 272 0 10000
c 320 272 416 272 0 1e-8 -3.8441370040027607
w 416 192 416 272 0
w 416 144 416 192 0
w 208 304 176 304 0
w 208 304 240 304 0
r 176 304 176 384 0 10000
c 240 304 240 384 0 1e-8 4.542470919528906
w 176 384 208 384 0
w 208 384 240 384 0
g 208 384 208 416 0
o 7 1 0 4354 20 0.1 0 1
