$ 1 0.000005 14.235633750745258 69 5 50
w 352 224 416 224 0
x 423 240 432 243 4 14 V
x 434 245 447 248 4 10 out
w 208 240 240 240 0
w 160 176 160 208 0
r 160 208 80 208 0 10000
w 160 208 240 208 0
O 416 224 464 224 1 0
a 240 224 352 224 8 12 -12 1000000 1.090952597886003 5.876840058199318 100000
r 160 176 416 176 0 100000
w 208 240 208 304 0
w 208 336 208 304 0
g 80 208 80 272 0
r 208 304 320 304 0 10000
c 320 304 416 304 0 1e-8 0.19383072722051153
w 416 224 416 304 0
w 416 176 416 224 0
w 208 336 176 336 0
w 208 336 240 336 0
r 176 336 176 416 0 10000
c 240 336 240 416 0 1e-8 5.876840058199318
w 176 416 208 416 0
w 208 416 240 416 0
g 208 416 208 448 0
o 7 1 0 4354 20 0.1 0 1
