$ 1 0.000005 4.078577355933338 82 5 50
a 256 272 384 272 8 12 -12 1000000 2.4736372132051634 2.473684210526316 100000
O 384 272 432 272 1 0
w 224 224 256 224 0
w 384 208 384 272 0
r 256 208 384 208 0 47000
r 224 224 128 224 0 10000
R 128 224 64 224 0 0 40 2 0 0 0.5
R 128 288 64 288 0 0 40 3 0 0 0.5
w 256 208 256 224 0
w 256 224 256 256 0
r 128 288 192 288 0 10000
w 192 288 224 288 0
w 224 288 256 288 0
r 224 288 224 368 0 47000
g 224 368 224 384 0
x 79 207 88 210 4 14 V
x 87 212 92 215 4 10 1
x 168 246 178 249 4 14 R
x 179 250 184 253 4 10 1
x 85 280 90 283 4 10 2
x 77 275 86 278 4 14 V
x 179 315 184 318 4 10 2
x 168 311 178 314 4 14 R
x 242 360 247 363 4 10 3
x 231 356 241 359 4 14 R
x 322 232 324 235 4 10 f
x 311 228 321 231 4 14 R
x 399 294 412 297 4 10 out
x 391 289 400 292 4 14 V
x 218 283 227 286 4 14 V
