$ 1 0.000014999999999999999 166.34793248332176 82 5 50
a 240 304 368 304 8 12 -12 1000000 5.5850587733477016e-8 0 100000
O 368 304 416 304 1 0
w 208 288 240 288 0
w 368 144 368 256 0
r 208 144 288 144 0 100000
r 208 288 112 288 0 10000
w 208 144 208 256 0
w 208 256 208 288 0
w 208 320 240 320 0
g 208 400 208 416 0
x 383 326 396 329 4 10 out
x 375 321 384 324 4 14 V
w 208 320 208 400 0
c 208 256 368 256 0 4.7e-7 0.005585114623935435
w 368 256 368 304 0
r 288 144 368 144 0 100000
r 288 144 288 192 0 1000
g 288 192 288 208 0
R 112 288 64 288 0 2 5000 0.5 0 0 0.5
o 18 1 0 4354 1.25 0.0001953125 0 2 18 3
o 1 1 0 4354 0.01953125 0.1 1 1
