$ 1 0.000001 17.532943091211475 82 5 50
a 240 304 368 304 8 12 -12 1000000 -0.00001426325593411519 0 100000
O 368 304 416 304 1 0
w 208 288 240 288 0
w 368 208 368 256 0
r 208 256 368 256 0 100000
r 160 288 64 288 0 1000
w 208 208 208 256 0
w 208 256 208 288 0
w 208 320 240 320 0
g 208 400 208 416 0
x 383 326 396 329 4 10 out
x 375 321 384 324 4 14 V
w 208 320 208 400 0
c 208 208 368 208 0 4.7e-11 -1.426339856667453
w 368 256 368 304 0
R 64 288 16 288 0 2 1000 0.1 0 0 0.5
c 160 288 208 288 0 1e-8 -0.09222154000093692
o 15 16 0 4354 0.3125 0.0001953125 0 2 15 3
o 1 8 0 4354 20 0.1 1 1
