$ 1 0.000005 4.078577355933338 69 5 50
d 416 304 416 256 2 default
w 352 304 416 304 0
R 80 288 80 352 0 1 1000 0.05 0 0 0.5
x 405 246 414 249 4 14 V
x 413 251 426 254 4 10 out
g 208 320 208 352 0
w 208 320 240 320 0
w 160 256 160 288 0
r 160 288 80 288 0 10000
w 160 288 240 288 0
O 416 256 464 256 1 0
a 240 304 352 304 8 12 -12 1000000 0.0000017451830129857655 0 100000
r 160 256 416 256 0 10000
w 160 288 160 384 0
w 160 384 416 384 0
d 416 384 416 304 2 default
o 2 4 0 4355 0.078125 0.00009765625 0 2 2 3
o 10 4 0 4098 0.15625 0.1 1 1
