$ 1 0.000019999999999999998 31.41906602856942 80 5 48
v 96 336 96 48 0 1 40 30 0 0 0.5
w 96 48 224 48 0
w 224 48 224 112 0
d 224 112 288 176 3 default
d 224 240 288 176 3 default
d 160 176 224 112 3 default
d 160 176 224 240 3 default
w 224 240 224 336 0
w 224 336 96 336 0
w 160 176 160 272 0
w 288 176 336 176 0
c 336 176 336 272 0 0.00009999999999999999 26.67945225472961
w 336 176 368 176 0
r 512 176 512 272 0 640
r 368 176 416 176 0 600
w 416 176 448 176 0
34 zvoltage\q5 0 1.7143528192808883e-7 0 2 5
z 448 272 448 176 2 zvoltage\q5
w 448 176 512 176 0
w 160 272 336 272 0
w 336 272 448 272 0
w 448 272 512 272 0
g 448 272 448 304 0
o 0 8 0 4098 40 0.00009765625 0 2 0 3
o 13 1 0 4098 10 0.0125 1 2 13 3
