$ 1 0.000005 1.0751013186076355 91 15 53
x -421 315 -411 318 4 16 V
x -401 238 -390 241 4 16 R
x -330 242 -319 245 4 16 C
x -259 225 -249 228 4 16 V
x -322 150 -311 153 4 16 R
x -219 68 -209 71 4 16 V
x -217 188 -207 191 4 16 V
x -216 121 -205 124 4 16 R
x -171 326 -160 329 4 16 C
x -259 338 -248 341 4 16 R
x -219 229 -201 232 4 16 Ve
x -178 221 -167 224 4 16 C
x -320 301 -309 304 4 16 R
R -224 96 -224 48 0 0 40 12 0 0 0.5
w -352 160 -352 208 0
s -432 160 -352 160 0 0 false
w -432 208 -432 160 0
s -112 192 -112 256 0 1 false
g -224 368 -224 400 0
s -224 304 -176 304 0 0 false
c -176 368 -176 304 0 0.1 -0.2372771956824496
w -112 368 -176 368 0
w -224 368 -176 368 0
r -112 256 -112 368 0 1000
c -224 192 -112 192 0 0.01 7.160380004080794
r -224 160 -224 96 0 6800
w -288 96 -224 96 0
r -224 304 -224 368 0 330
r -224 224 -224 304 0 330
w -288 368 -224 368 0
w -256 208 -240 208 0
t -240 208 -224 208 0 1 -6.355360672133881 0.5854349076626251 100
r -288 208 -288 96 0 47000
r -288 368 -288 208 0 4700
w -432 368 -288 368 0
c -352 208 -288 208 0 0.01 -1.0605476624931107
r -432 208 -352 208 0 1000
v -432 208 -432 368 0 1 4000 0.1 0 0 0.5
w -288 208 -256 208 0
w -224 160 -224 192 0
x -100 338 -89 341 4 16 R
x -86 341 -81 344 4 10 L
x -248 344 -242 347 4 10 E
x -239 344 -234 347 4 10 2
x -241 274 -236 277 4 10 1
x -250 274 -244 277 4 10 E
x -261 268 -250 271 4 16 R
x -156 327 -150 330 4 10 E
x -165 221 -158 224 4 10 C
x -248 228 -242 231 4 10 B
x -205 190 -198 193 4 10 C
x -204 124 -197 127 4 10 C
x -207 74 -193 77 4 10 CC
x -309 158 -304 161 4 10 1
x -318 245 -311 248 4 10 C
x -389 244 -383 247 4 10 X
x -410 320 -400 323 4 10 IN
x -307 305 -302 308 4 10 2
s -256 160 -256 208 0 1 false
c -256 160 -224 160 0 3.3e-11 4.602354053417912e-10
O -112 192 -32 192 0 0
o 37 1 0 4099 0.15625 0.00009765625 0 2 37 3
o 60 1 0 4098 2.5 0.1 1 1
